000000000000000000000000000000000000000000000000000
000000000000000000000000000000000000000000000000000
000000000000001111111111110000000000000000000000000
000000000000000000000000000000000000000000000000000
000000000000000000000000000000000000000000000000000
00111111000000000000000000000001111111110000000000
000000000000000000000001000000000000000000000000000
000000000000000000000001000000000000000000000000000
000000000000000000000000000000000000000000000000000
00000000000000000000000000000000000000000000000000
000000000000000000000000000000000000000000000000000
000P00000000000000000000000000000000000000000000000
111111111111111111111111111111111111111111111111111

