2222222222222222222222222222222222222222222222222222222222222222222222222222222222222222
2222222222222222222222222222222222222222222222222222222222222222222222222222222222222222
2222211111111111111111111111111111111111111111111111111111111111111111111111111112222222
2222210000000000000003000000000000000000000000000000000000000000000000000000000012222222
22222100M0000000000003000000000000000000000000000000000000000000000000000000000012222222
2222210000000000000003000000000000000000000000000000000000000000000000000000000012222222
2222211111100000000003000000000000000000000000000000000000000000000000000000000012222222
2222210000000000000003000000000000000000000000000000000000000000000000000000000012222222
2222210000000000000003000000000000000000000000000000000000000000000000000000000012222222
2222210000000000000001000000000000000000000000000000000000000000000000000000000112222222
2222210000000000000001000000000000000000000000000000000000000000000000000000000E12222222
2222210000000000000001000000000000000H000000000000000000000000000S0000000000000L12222222
2222210000000000000001000000011111111111111111111111111111111111111111111111111112222222
2222210000000000000001000000000000000000000000000000000000000000000000000000000012222222
2222210000000000000001000000000000000000000000000000000000000000000000000000000012222222
2222210000000000000001000000000000000000000000000000000000000000000000000000000012222222
2222210000000000000001000000000000000000000000000000000000000000000000000000000012222222
2222210000000000000001000000000000000000000000000000000000000000000000000000000012222222
2222210000000000000001000000000000000000000000000000000000000000000000000000000012222222
22222100000000000000010000000H00000000000000000000G0000000000000000000000000000012222222
2222210000000000000001111111111111111111111111111111111111111111111111100000000012222222
2222210000000000000001000000000000000000000000000000000000000000000000000000000012222222
2222210000000000000001000000000000000000000000000000000000000000000000000000000012222222
2222210000000000000001000000000000000000000000000000000000000000000000000000111112222222
2222210000000000000001000000000000000000000000000000000000000000000000000000000012222222
2222210000000000000000000000000000000000000000000000000000000000000000000000000012222222
2222210000000000000000000000000000000000000000000000000000000000000000000000000012222222
2222210000000000000000000000000000000000000000000000000000000000000000001111111112222222
2222210000000000000000000000000000000000000000000000000000000000000000000000000012222222
22222100000P000000000000000000000000G0000000000000000000000G0000000000000000000012222222
2222211111111111111111111111111111111111111111111111111111111111111111111111111112222222
2222222222222222222222222222222222222222222222222222222222222222222222222222222222222222
2222222222222222222222222222222222222222222222222222222222222222222222222222222222222222
2222222222222222222222222222222222222222222222222222222222222222222222222222222222222222


