1111111111111111111111111111111111111111111111111111111111111111111111111111111111
1111111111111111111111111111111111111111111111111111111111111111111111111111111111
1111111111111111111111111111111111111111111111111111111111111111111111111111111111
1111100000000000000020000000000000000000000000000000000000000000000000000001111111
1111100M00000000000020000000000000000000000000000000000000000000000000000001111111
1111100000000000000020000000000000000000000000000000000000000000000000000001111111
1111100000000000000020000000000000000000000000000000000000000000000000000001111111
1111100000000000000020000000000000000000000000000000000000000000000000000001111111
1111100000000000000010000000000000000000000000000000000000000000000000000001111111
1111100000000000000010000000000000000000000000000000000000000000000000000001111111
1111100000000000000010000000000000000000000000000000000000000000000000000001111111
1111100000000000000010000000000000000000000000000000000000000000000000000001111111
1111100000000000000010000000111111111111111111111111111111111111111111111111111111
1111100000000000000010000000000000000000000000000000000000000000000000000001111111
1111100000000000000010000000000000000000000000000000000000000000000000000001111111
1111100000000000000010000000000000000000000000000000000000000000000000000001111111
1111100000000000000010000000000000000000000000000000000000000000000000000001111111
1111100000000000000010000000000000000000000000000000000000000000000000000001111111
1111100000000000000010000000000000000000000000000000000000000000000000000001111111
111110000000000000001000000000000000TT00000000000000000000000000000000000001111111
1111100000000000000011111111111111111111111111111111111111111111100000000001111111
1111100000000000000010000000000000000000000000000000000000000000000000000001111111
1111100000000000000010000000000000000000000000000000000000000000000000000001111111
1111100000000000000010000000000000000000000000000000000000000000000000000001111111
1111100000001111000010000000000000000000000000000000000000000000000000000001111111
1111100000000001000000000000000000000000000000000000000000000000000000000001111111
1111100000000010000000000000000000000000000000000000000000000000000000000001111111
1111100000000100000000000000000000000000000000000000000000000000000000000001111111
111110P000001000000000000000000000000000000000000000000000000000000000000001111111
1111100000001111100000000000000000000000000000000000000000000000000000000001111111
1111111111111111111111111111111111111111111111111111111111111111111111111111111111
1111111111111111111111111111111111111111111111111111111111111111111111111111111111
1111111111111111111111111111111111111111111111111111111111111111111111111111111111


